65535  100  65535  65535  65535  65535  65535  65535  65535  65535  65535  65535  65535  65535  65535  
100  65535  200  65535  65535  65535  65535  65535  65535  65535  65535  65535  65535  65535  65535  
65535  200  65535  150  65535  150  65535  65535  65535  65535  65535  65535  65535  65535  65535  
65535  65535  150  65535  50  150  65535  65535  65535  65535  65535  65535  65535  65535  65535  
65535  65535  65535  50  65535  100  150  65535  65535  65535  65535  65535  65535  65535  65535  
65535  65535  150  150  100  65535  100  200  65535  65535  65535  65535  65535  65535  65535  
65535  65535  65535  65535  150  100  65535  150  65535  65535  65535  65535  65535  65535  65535  
65535  65535  65535  65535  65535  200  150  65535  20  65535  65535  65535  65535  65535  65535  
65535  65535  65535  65535  65535  65535  65535  20  65535  70  65535  65535  65535  65535  65535  
65535  65535  65535  65535  65535  65535  65535  65535  70  65535  70  180  65535  65535  65535  
65535  65535  65535  65535  65535  65535  65535  65535  65535  70  65535  60  20  65535  65535  
65535  65535  65535  65535  65535  65535  65535  65535  65535  180  60  65535  65535  65535  65535  
65535  65535  65535  65535  65535  65535  65535  65535  65535  65535  20  65535  65535  10  65535  
65535  65535  65535  65535  65535  65535  65535  65535  65535  65535  65535  65535  10  65535  10  
65535  65535  65535  65535  65535  65535  65535  65535  65535  65535  65535  65535  65535  10  65535  
  65535  65535  65535  65535  65535  65535  65535  65535  65535  65535  65535  10  65535  65535  
65535  65535  65535  65535  65535  65535  65535  65535  65535  50  65535  100  65535  65535  65535  65535  
